[question.jpg]
moddate=91a73bcacc41d001
width=400
height=555
text=1;125;3;???;Tolkien;0.060294,0.045507,0.163277,5.845252;v1,4280119431,4287096224,128.000000,1.000000,0.000000,1.000000,400,0,49152;;
textactive=1
